Matrix is not diagonally dominant.
Entered tolerance value: 0.001000

Iteration	x1		x2		x3		x4		x5		
------------------------------------------------------------------------------------------
1		5.000000	0.375000	-0.027083	-0.171875	0.008583	
2		5.807292	0.393161	-0.039949	-0.279348	0.009187	
3		6.399908	0.402149	-0.049656	-0.354850	0.009603	
4		6.821460	0.408163	-0.056568	-0.408504	0.009899	
5		7.121282	0.412427	-0.061484	-0.446663	0.010109	
6		7.334522	0.415459	-0.064981	-0.473802	0.010258	
7		7.486184	0.417615	-0.067468	-0.493104	0.010364	
8		7.594050	0.419149	-0.069236	-0.506832	0.010440	
9		7.670767	0.420240	-0.070494	-0.516596	0.010494	
10		7.725330	0.421016	-0.071389	-0.523540	0.010532	
11		7.764137	0.421567	-0.072025	-0.528479	0.010559	
12		7.791737	0.421960	-0.072478	-0.531992	0.010579	
13		7.811367	0.422239	-0.072800	-0.534490	0.010592	
14		7.825328	0.422437	-0.073028	-0.536267	0.010602	
15		7.835257	0.422579	-0.073191	-0.537531	0.010609	
16		7.842320	0.422679	-0.073307	-0.538429	0.010614	
Converged at 16 iteration(s).
Exact function of evaluation: 80 
