
Normalized Power Iteration Method
Iteration	Eigen Value	Eigen Vector
................................................................
1		8.000000	-0.375000 1.000000 0.000000 
2		4.750000	-0.289474 1.000000 -0.210526 
3		5.000000	-0.257895 1.000000 -0.284211 
4		5.084211	-0.247412 1.000000 -0.308489 
5		5.111801	-0.244026 1.000000 -0.316322 
6		5.120697	-0.242941 1.000000 -0.318833 
7		5.123547	-0.242594 1.000000 -0.319635 
8		5.124458	-0.242483 1.000000 -0.319891 
9		5.124749	-0.242448 1.000000 -0.319973 
10		5.124842	-0.242436 1.000000 -0.319999 
11		5.124871	-0.242433 1.000000 -0.320008 
12		5.124881	-0.242432 1.000000 -0.320010 
13		5.124884	-0.242431 1.000000 -0.320011 
14		5.124885	-0.242431 1.000000 -0.320012 

Inverse Iteration Method
Iteration	Eigen Value	Eigen Vector
...............................................................................................
1		5.124884	-0.242432 1.000000 -0.320010 
2		5.124881	-0.242433 1.000000 -0.320008 
3		5.124871	-0.242436 1.000000 -0.319999 
4		5.124842	-0.242448 1.000000 -0.319973 
5		5.124749	-0.242483 1.000000 -0.319891 
6		5.124458	-0.242594 1.000000 -0.319635 
7		5.123547	-0.242941 1.000000 -0.318833 
8		5.120699	-0.244027 1.000000 -0.316323 
9		5.111853	-0.247429 1.000000 -0.308498 
10		5.085313	-0.258252 1.000000 -0.284404 
11		5.022818	-0.297153 1.000000 -0.214256 
12		5.223631	-0.552220 1.000000 -0.059596 
13		1.396151	-1.000000 -0.229018 -0.156112 
14		0.295410	-1.000000 -0.704590 -0.375354 
15		0.245101	-1.000000 -0.754899 -0.423449 
16		0.239329	-1.000000 -0.760671 -0.431007 
17		0.238568	-1.000000 -0.761432 -0.432128 
18		0.238461	-1.000000 -0.761539 -0.432292 
19		0.238445	-1.000000 -0.761555 -0.432316 
20		0.238443	-1.000000 -0.761557 -0.432320 
21		0.238443	-1.000000 -0.761557 -0.432320 
